27
-9557772.0401476137340069
-620008.8303294049110264
547684.1248383962083608
10654726.1417657472193241
-846236.8569049739744514
336653.9038286342401989
0.0000000000000000
1227802.5460240738466382
-2377272.9808694715611637
-20485.6791737042367458
-3835282.3446971699595451
3940188.0812061363831162
705849.7376344579970464
2648908.0913944593630731
31695567.6506878510117531
-2199857.1891788667999208
-157819098.7972221970558167
-33022907.5408831015229225
9921657.3937682807445526
5222555.8779042372480035
751048.1546757826581597
151195933.0301195681095123
-14459088.3353724330663681
4071067.6551324361935258
6894285.7085425807163119
-9046736.8911026418209076
-5662284.1131747998297215
785804503.4301919937133789  -23827789.3569428771734238  -267974515.9326831996440887  -478366450.2804527878761292  0.0000000000000000  0.0000000000000000  0.0000000000000000  0.0000000000000000  0.0000000000000000  0.0000000000000000  0.0000000000000000  0.0000000000000000  0.0000000000000000  40395804.5874987542629242  -2376208641.8552637100219727  96118245.0391497015953064  806813560.3635629415512085  1448645087.4196715354919434  0.0000000000000000  0.0000000000000000  0.0000000000000000  0.0000000000000000  0.0000000000000000  0.0000000000000000  0.0000000000000000  0.0000000000000000  0.0000000000000000  
-23827789.3569428771734238  78840997.0888967812061310  -55013207.7319538965821266  0.0000000000000000  0.0000000000000000  0.0000000000000000  0.0000000000000000  0.0000000000000000  0.0000000000000000  0.0000000000000000  0.0000000000000000  0.0000000000000000  0.0000000000000000  0.0000000000000000  95235754.0196477174758911  -204854358.3799975216388702  109021968.8593647629022598  0.0000000000000000  0.0000000000000000  0.0000000000000000  0.0000000000000000  0.0000000000000000  0.0000000000000000  0.0000000000000000  0.0000000000000000  0.0000000000000000  0.0000000000000000  
-267974515.9326831996440887  -55013207.7319538965821266  402872881.3835662007331848  -70064182.1021208465099335  0.0000000000000000  -6824952.2549025472253561  0.0000000000000000  -2996023.3619057266041636  0.0000000000000000  0.0000000000000000  0.0000000000000000  0.0000000000000000  0.0000000000000000  0.0000000000000000  801447361.9167016744613647  108736113.3408478200435638  -1039606460.8028764724731445  123770931.5799488574266434  0.0000000000000000  0.0000000000000000  0.0000000000000000  0.0000000000000000  0.0000000000000000  0.0000000000000000  0.0000000000000000  0.0000000000000000  0.0000000000000000  
-478366450.2804527878761292  0.0000000000000000  -70064182.1021208465099335  567171307.0273427963256836  -2098231.0251892078667879  0.0000000000000000  0.0000000000000000  0.0000000000000000  0.0000000000000000  0.0000000000000000  0.0000000000000000  0.0000000000000000  0.0000000000000000  64844048.7079806998372078  1438987072.5704891681671143  0.0000000000000000  123770931.5799488574266434  -1638024264.4589650630950928  0.0000000000000000  0.0000000000000000  0.0000000000000000  0.0000000000000000  0.0000000000000000  0.0000000000000000  0.0000000000000000  0.0000000000000000  0.0000000000000000  
0.0000000000000000  0.0000000000000000  0.0000000000000000  -2098231.0251892078667879  328814737.6507452726364136  0.0000000000000000  0.0000000000000000  0.0000000000000000  0.0000000000000000  -137586187.4839216172695160  -121036967.7242794632911682  -68093351.4173549860715866  0.0000000000000000  0.0000000000000000  0.0000000000000000  0.0000000000000000  0.0000000000000000  0.0000000000000000  -332960897.7585691213607788  0.0000000000000000  0.0000000000000000  0.0000000000000000  0.0000000000000000  108754988.2289365381002426  156008164.3742064237594604  68197745.1554261445999146  0.0000000000000000  
0.0000000000000000  0.0000000000000000  -6824952.2549025472253561  0.0000000000000000  0.0000000000000000  322311415456.6668090820312500  -322281001800.8256835937500000  -23588703.5862452425062656  0.0000000000000000  0.0000000000000000  0.0000000000000000  0.0000000000000000  0.0000000000000000  0.0000000000000000  0.0000000000000000  0.0000000000000000  0.0000000000000000  0.0000000000000000  0.0000000000000000  0.0000000000000000  0.0000000000000000  0.0000000000000000  0.0000000000000000  0.0000000000000000  0.0000000000000000  0.0000000000000000  0.0000000000000000  
0.0000000000000000  0.0000000000000000  0.0000000000000000  0.0000000000000000  0.0000000000000000  -322281001800.8256835937500000  322281001800.8256835937500000  0.0000000000000000  0.0000000000000000  0.0000000000000000  0.0000000000000000  0.0000000000000000  0.0000000000000000  0.0000000000000000  0.0000000000000000  0.0000000000000000  0.0000000000000000  0.0000000000000000  0.0000000000000000  0.0000000000000000  0.0000000000000000  0.0000000000000000  0.0000000000000000  0.0000000000000000  0.0000000000000000  0.0000000000000000  0.0000000000000000  
0.0000000000000000  0.0000000000000000  -2996023.3619057266041636  0.0000000000000000  0.0000000000000000  -23588703.5862452425062656  0.0000000000000000  1161900549.4891691207885742  -1077072993.9418182373046875  0.0000000000000000  0.0000000000000000  0.0000000000000000  -58242828.5991998910903931  0.0000000000000000  0.0000000000000000  0.0000000000000000  0.0000000000000000  0.0000000000000000  0.0000000000000000  0.0000000000000000  0.0000000000000000  -241759366.4043212532997131  178211023.9495145678520203  0.0000000000000000  0.0000000000000000  0.0000000000000000  63548342.4548066854476929  
0.0000000000000000  0.0000000000000000  0.0000000000000000  0.0000000000000000  0.0000000000000000  0.0000000000000000  0.0000000000000000  -1077072993.9418182373046875  1686646484.5645782947540283  -609573490.6227600574493408  0.0000000000000000  0.0000000000000000  0.0000000000000000  0.0000000000000000  0.0000000000000000  0.0000000000000000  0.0000000000000000  0.0000000000000000  0.0000000000000000  0.0000000000000000  0.0000000000000000  178211023.9495145678520203  -762517619.2267632484436035  584306595.2772487401962280  0.0000000000000000  0.0000000000000000  0.0000000000000000  
0.0000000000000000  0.0000000000000000  0.0000000000000000  0.0000000000000000  -137586187.4839216172695160  0.0000000000000000  0.0000000000000000  0.0000000000000000  -609573490.6227600574493408  747159678.1066817045211792  0.0000000000000000  0.0000000000000000  0.0000000000000000  0.0000000000000000  0.0000000000000000  0.0000000000000000  0.0000000000000000  0.0000000000000000  108754988.2289365381002426  0.0000000000000000  0.0000000000000000  0.0000000000000000  584306595.2772487401962280  -693061583.5061852931976318  0.0000000000000000  0.0000000000000000  0.0000000000000000  
0.0000000000000000  0.0000000000000000  0.0000000000000000  0.0000000000000000  -121036967.7242794632911682  0.0000000000000000  0.0000000000000000  0.0000000000000000  0.0000000000000000  0.0000000000000000  3011067570.9169631004333496  -2890030603.1926836967468262  0.0000000000000000  0.0000000000000000  0.0000000000000000  0.0000000000000000  0.0000000000000000  0.0000000000000000  156008164.3742064237594604  0.0000000000000000  0.0000000000000000  0.0000000000000000  0.0000000000000000  0.0000000000000000  -1890630451.8586106300354004  1734622287.4844040870666504  0.0000000000000000  
0.0000000000000000  0.0000000000000000  0.0000000000000000  0.0000000000000000  -68093351.4173549860715866  0.0000000000000000  0.0000000000000000  0.0000000000000000  0.0000000000000000  0.0000000000000000  -2890030603.1926836967468262  3091264269.4242377281188965  -133140314.8141991347074509  0.0000000000000000  0.0000000000000000  0.0000000000000000  0.0000000000000000  0.0000000000000000  68197745.1554261445999146  0.0000000000000000  0.0000000000000000  0.0000000000000000  0.0000000000000000  0.0000000000000000  1734622287.4844040870666504  -1978232889.5917029380798340  175412856.9518726766109467  
0.0000000000000000  0.0000000000000000  0.0000000000000000  0.0000000000000000  0.0000000000000000  0.0000000000000000  0.0000000000000000  -58242828.5991998910903931  0.0000000000000000  0.0000000000000000  0.0000000000000000  -133140314.8141991347074509  191383143.4133990406990051  0.0000000000000000  0.0000000000000000  0.0000000000000000  0.0000000000000000  0.0000000000000000  0.0000000000000000  0.0000000000000000  0.0000000000000000  63548342.4548066854476929  0.0000000000000000  0.0000000000000000  0.0000000000000000  175412856.9518726766109467  -238961199.4066793620586395  
40395804.5874987542629242  0.0000000000000000  0.0000000000000000  64844048.7079806998372078  0.0000000000000000  0.0000000000000000  0.0000000000000000  0.0000000000000000  0.0000000000000000  0.0000000000000000  0.0000000000000000  0.0000000000000000  0.0000000000000000  390651067.2031071186065674  -125692506.8566975444555283  0.0000000000000000  0.0000000000000000  -268430495.4259487092494965  0.0000000000000000  0.0000000000000000  0.0000000000000000  0.0000000000000000  0.0000000000000000  0.0000000000000000  0.0000000000000000  0.0000000000000000  0.0000000000000000  
-2376208641.8552637100219727  95235754.0196477174758911  801447361.9167016744613647  1438987072.5704891681671143  0.0000000000000000  0.0000000000000000  0.0000000000000000  0.0000000000000000  0.0000000000000000  0.0000000000000000  0.0000000000000000  0.0000000000000000  0.0000000000000000  -125692506.8566975444555283  7310503490.8133926391601562  -402243761.8918480277061462  -2433859943.7013463973999023  -4397421259.1297330856323242  0.0000000000000000  0.0000000000000000  0.0000000000000000  0.0000000000000000  0.0000000000000000  0.0000000000000000  0.0000000000000000  0.0000000000000000  0.0000000000000000  
96118245.0391496866941452  -204854358.3799974918365479  108736113.3408478051424026  0.0000000000000000  0.0000000000000000  0.0000000000000000  0.0000000000000000  0.0000000000000000  0.0000000000000000  0.0000000000000000  0.0000000000000000  0.0000000000000000  0.0000000000000000  0.0000000000000000  -402243761.8918479681015015  695148106.0347015857696533  -289825909.8650783896446228  0.0000000000000000  0.0000000000000000  0.0000000000000000  0.0000000000000000  0.0000000000000000  0.0000000000000000  0.0000000000000000  0.0000000000000000  0.0000000000000000  0.0000000000000000  
806813560.3635629415512085  109021968.8593647629022598  -1039606460.8028764724731445  123770931.5799488574266434  0.0000000000000000  0.0000000000000000  0.0000000000000000  0.0000000000000000  0.0000000000000000  0.0000000000000000  0.0000000000000000  0.0000000000000000  0.0000000000000000  0.0000000000000000  -2433859943.7013463973999023  -289825909.8650783896446228  8020567019.9922094345092773  -421237005.7121118307113647  0.0000000000000000  -59976251.1803901195526123  0.0000000000000000  -4507548934.1670513153076172  0.0000000000000000  0.0000000000000000  0.0000000000000000  0.0000000000000000  0.0000000000000000  
1448645087.4196715354919434  0.0000000000000000  123770931.5799488574266434  -1638024264.4589650630950928  0.0000000000000000  0.0000000000000000  0.0000000000000000  0.0000000000000000  0.0000000000000000  0.0000000000000000  0.0000000000000000  0.0000000000000000  0.0000000000000000  -268430495.4259487390518188  -4397421259.1297330856323242  0.0000000000000000  -421237005.7121118307113647  5154253769.9740495681762695  -30050772.6524649076163769  0.0000000000000000  0.0000000000000000  0.0000000000000000  0.0000000000000000  0.0000000000000000  0.0000000000000000  0.0000000000000000  0.0000000000000000  
0.0000000000000000  0.0000000000000000  0.0000000000000000  0.0000000000000000  -332960897.7585691213607788  0.0000000000000000  0.0000000000000000  0.0000000000000000  0.0000000000000000  108754988.2289365082979202  156008164.3742064833641052  68197745.1554261445999146  0.0000000000000000  0.0000000000000000  0.0000000000000000  0.0000000000000000  0.0000000000000000  -30050772.6524649076163769  878164853.4891871213912964  0.0000000000000000  0.0000000000000000  0.0000000000000000  0.0000000000000000  -313399358.3104758858680725  -370775647.7921996712684631  -167765764.8845477402210236  0.0000000000000000  
0.0000000000000000  0.0000000000000000  0.0000000000000000  0.0000000000000000  0.0000000000000000  0.0000000000000000  0.0000000000000000  0.0000000000000000  0.0000000000000000  0.0000000000000000  0.0000000000000000  0.0000000000000000  0.0000000000000000  0.0000000000000000  0.0000000000000000  0.0000000000000000  -59976251.1803901195526123  0.0000000000000000  0.0000000000000000  638759857.3459944725036621  -24616849.1861927732825279  -556748904.7797415256500244  0.0000000000000000  0.0000000000000000  0.0000000000000000  0.0000000000000000  0.0000000000000000  
0.0000000000000000  0.0000000000000000  0.0000000000000000  0.0000000000000000  0.0000000000000000  0.0000000000000000  0.0000000000000000  0.0000000000000000  0.0000000000000000  0.0000000000000000  0.0000000000000000  0.0000000000000000  0.0000000000000000  0.0000000000000000  0.0000000000000000  0.0000000000000000  0.0000000000000000  0.0000000000000000  0.0000000000000000  -24616849.1861927732825279  24692600.3855869024991989  0.0000000000000000  0.0000000000000000  0.0000000000000000  0.0000000000000000  0.0000000000000000  0.0000000000000000  
0.0000000000000000  0.0000000000000000  0.0000000000000000  0.0000000000000000  0.0000000000000000  0.0000000000000000  0.0000000000000000  -241759366.4043212532997131  178211023.9495145678520203  0.0000000000000000  0.0000000000000000  0.0000000000000000  63548342.4548066854476929  0.0000000000000000  0.0000000000000000  0.0000000000000000  -4507548934.1670513153076172  0.0000000000000000  0.0000000000000000  -556748904.7797415256500244  0.0000000000000000  6440241904.9061784744262695  -1483384800.1225547790527344  0.0000000000000000  0.0000000000000000  0.0000000000000000  -163543566.1047209799289703  
0.0000000000000000  0.0000000000000000  0.0000000000000000  0.0000000000000000  0.0000000000000000  0.0000000000000000  0.0000000000000000  178211023.9495145678520203  -762517619.2267632484436035  584306595.2772487401962280  0.0000000000000000  0.0000000000000000  0.0000000000000000  0.0000000000000000  0.0000000000000000  0.0000000000000000  0.0000000000000000  0.0000000000000000  0.0000000000000000  0.0000000000000000  0.0000000000000000  -1483384800.1225547790527344  3211146813.7121429443359375  -1727762013.5895886421203613  0.0000000000000000  0.0000000000000000  0.0000000000000000  
0.0000000000000000  0.0000000000000000  0.0000000000000000  0.0000000000000000  108754988.2289365082979202  0.0000000000000000  0.0000000000000000  0.0000000000000000  584306595.2772487401962280  -693061583.5061852931976318  0.0000000000000000  0.0000000000000000  0.0000000000000000  0.0000000000000000  0.0000000000000000  0.0000000000000000  0.0000000000000000  0.0000000000000000  -313399358.3104758858680725  0.0000000000000000  0.0000000000000000  0.0000000000000000  -1727762013.5895886421203613  2041241941.1560642719268799  0.0000000000000000  0.0000000000000000  0.0000000000000000  
0.0000000000000000  0.0000000000000000  0.0000000000000000  0.0000000000000000  156008164.3742064833641052  0.0000000000000000  0.0000000000000000  0.0000000000000000  0.0000000000000000  0.0000000000000000  -1890630451.8586106300354004  1734622287.4844040870666504  0.0000000000000000  0.0000000000000000  0.0000000000000000  0.0000000000000000  0.0000000000000000  0.0000000000000000  -370775647.7921996712684631  0.0000000000000000  0.0000000000000000  0.0000000000000000  0.0000000000000000  0.0000000000000000  2913012308.6321210861206055  -2542236660.8399214744567871  0.0000000000000000  
0.0000000000000000  0.0000000000000000  0.0000000000000000  0.0000000000000000  68197745.1554261445999146  0.0000000000000000  0.0000000000000000  0.0000000000000000  0.0000000000000000  0.0000000000000000  1734622287.4844040870666504  -1978232889.5917029380798340  175412856.9518726468086243  0.0000000000000000  0.0000000000000000  0.0000000000000000  0.0000000000000000  0.0000000000000000  -167765764.8845477402210236  0.0000000000000000  0.0000000000000000  0.0000000000000000  0.0000000000000000  0.0000000000000000  -2542236660.8399214744567871  3114217568.5209827423095703  -404133569.4643158316612244  
0.0000000000000000  0.0000000000000000  0.0000000000000000  0.0000000000000000  0.0000000000000000  0.0000000000000000  0.0000000000000000  63548342.4548066854476929  0.0000000000000000  0.0000000000000000  0.0000000000000000  175412856.9518726468086243  -238961199.4066793322563171  0.0000000000000000  0.0000000000000000  0.0000000000000000  0.0000000000000000  0.0000000000000000  0.0000000000000000  0.0000000000000000  0.0000000000000000  -163543566.1047209799289703  0.0000000000000000  0.0000000000000000  0.0000000000000000  -404133569.4643158316612244  567677135.5690368413925171 