
-0.1033829163687143
-0.2619980264785073
-0.2126407472424499
-0.1847554715074693
-0.2867074078529813
-0.2699121266926173
-0.2699121266926172
-0.3007543614712587
-0.3038329862696432
-0.2978995476055952
-0.3035075042679720
-0.3050687589475140
-0.3216962587945633
0.0751995788534028
0.0492089151634942
0.0009323570366325
0.0126514879043091
0.0163400467839669
0.0627683871517833
0.0542598463734732
0.0845093095555701
0.0477725485912543
0.0425402202003862
0.0487407987919968
0.0467827868944038
0.0417051353292599
0.0259963859937230